問題文
N×N マスの盤面がある。 一番左上のマスの座標を (0,0) とし、そこから下方向に i マス、右方向に j マス進んだ先のマスの座標を (i,j) とする。 N×N マスの外周は壁で囲われており、上下左右に隣接するマス間にも壁がある場合がある。
各マス(i,j) には汚れやすさ d(i,j) が定まっており、盤面上を移動することで掃除を行う。 壁で遮られていない隣接マスに移動することが出来、移動後に移動先のマスの汚れは 0 となり、それ以外の全てのマス (i,j) の汚れは d(i,j​) 増加する。 
(0,0) からスタートして、(0,0) に戻ってくるような、長さ(移動回数) 10^5 以下の掃除ルートを考える。 掃除ルートは同じマスを何度でも通って良いが、一度も通らないマスがあってはならない。

入力
入力は以下の形式で標準入力から与えられる。
N
h(0, 0)​ ⋯ h(0, N−1)​
⋮
h(N−2, 0)​ ⋯ h(N−2, N−1)​
v(0, 0)​ ⋯ v(0, N−2)​ 
⋮
v(N−1, 0)​ ⋯ v(N−1, N−2)​ 
d(0,0) ⋯  d(0, N−1)​ 
⋮
d(N−1, 0)​ ⋯  d(N−1, N−1)
​N は盤面の縦横の大きさを表し、20≤N≤40 を満たす。
h(i, 0)​ ⋯ h(i, N−1) は 0 と 1 からなる N 文字の文字列であり、 h(i, j)​ =1 であればマス (i,j) とその下隣のマス (i+1,j) の間に壁があり、 h(i, j)​ =0 であれば壁がないことを表す。
v(i, 0)​ ⋯ v(i, N−2)​ は 0 と 1 からなる N−1 文字の文字列であり、 v(i, j)​ =1 であればマス (i,j) とその右隣のマス (i,j+1) の間に壁があり、 v(i, j)​ =0 であれば壁がないことを表す。
全てのマスは (0,0) から到達可能であることが保証されている。
d(i, j) はマス (i,j) の汚れやすさを表す整数値で、1≤ d(i, j)​ ≤10^3 を満たす。

テストケース
20
00000000000000000000
00000000000000000000
00000000000000000000
00000000000000000000
00000000000000000000
00000000000000000000
00000000000000000000
00000000000000000000
00000000000000000000
00000000000000000000
00000000000000000000
00000000000000000000
00000000000000000000
00000000000000000000
00000000000000000000
00000000000000000000
00000000000000000000
00000000000000000000
00000000000000000000
0000000000000000000
0000000000000000000
0000000000000000000
0000000000000000000
0000100000000000000
0000100000000000000
0000100000000000000
0000100000000000000
0000100000000000000
0000100000000000000
0000100000000000000
0000000000000000000
0000000000000000000
0000000000000000000
0000000000000000000
0000000000000000000
0000000000000000000
0000000000000000000
0000000000000000000
0000000000000000000
251 348 2 2 5 4 14 13 13 43 7 10 8 36 11 10 3 5 1 6
179 68 3 7 6 13 25 25 30 26 13 6 16 11 20 9 1 5 10 1
135 42 1 1 4 3 2 39 24 20 51 13 29 47 8 21 4 2 2 3
57 138 133 46 4 4 7 18 26 6 17 43 29 48 10 21 2 8 3 1
148 77 220 100 127 2 3 8 41 9 19 14 17 1 2 1 2 1 2 3
237 65 193 245 244 10 1 2 7 20 5 5 4 6 4 5 4 8 2 2
107 73 85 176 1 5 6 22 11 17 4 12 20 5 1 3 8 2 7 4
262 201 56 4 9 9 6 2 2 1 20 25 8 1 1 4 1 3 3 6
3 93 1 3 1 6 4 5 7 4 3 29 17 18 9 2 6 9 2 5
68 184 236 102 3 2 2 4 16 20 5 26 21 19 124 276 1 11 39 2
5 4 2 3 8 1 4 2 6 16 3 7 25 17 5 501 172 5 279 8
1 4 5 6 7 5 3 2 1 4 9 7 245 151 6 4 10 2 78 13
2 4 4 9 6 4 2 4 8 4 4 14 17 657 15 3 4 10 474 9
7 3 9 3 1 2 2 2 4 2 3 8 15 7 12 9 8 7 5 630
2 1 2 4 3 1 3 1 3 7 4 4 8 8 10 3 4 10 203 220
3 6 9 1 2 4 6 2 3 2 1 40 24 6 3 8 4 7 248 287
6 6 1 4 2 8 2 7 3 6 4 3 1 12 12 3 11 16 85 222
7 6 2 7 2 5 2 5 4 8 2 6 1 5 9 2 4 7 1 8
3 2 9 3 2 2 6 2 3 5 2 4 7 3 5 11 7 128 7 5
4 3 4 9 1 1 4 3 4 3 3 5 1 1 2 18 9 2 9 6


テストケース
20
10000000000000000001
20000000000000000001
30000000000000000001
40000000000000000001
50000000000000000001
60000000000000000001
70000000000000000001
80000000000000000001
90000000000000000001
00000000000000000001
10000000000000000001
20000000000000000001
30000000000000000001
40000000000000000001
50000000000000000001
60000000000000000001
70000000000000000001
80000000000000000001
90000000000000000001
0000000000000000001
0000000000000000001
0000000000000000001
0000000000000000001
0000100000000000000
0000100000000000000
0000100000000000000
0000100000000000000
0000100000000000000
0000100000000000000
0000100000000000000
0000000000000000001
0000000000000000001
0000000000000000001
0000000000000000001
0000000000000000001
0000000000000000001
0000000000000000001
0000000000000000001
0000000000000000001
251 348 2 2 5 4 14 13 13 43 7 10 8 36 11 10 3 5 1 6
179 68 3 7 6 13 25 25 30 26 13 6 16 11 20 9 1 5 10 1
135 42 1 1 4 3 2 39 24 20 51 13 29 47 8 21 4 2 2 3
57 138 133 46 4 4 7 18 26 6 17 43 29 48 10 21 2 8 3 1
148 77 220 100 127 2 3 8 41 9 19 14 17 1 2 1 2 1 2 3
237 65 193 245 244 10 1 2 7 20 5 5 4 6 4 5 4 8 2 2
107 73 85 176 1 5 6 22 11 17 4 12 20 5 1 3 8 2 7 4
262 201 56 4 9 9 6 2 2 1 20 25 8 1 1 4 1 3 3 6
3 93 1 3 1 6 4 5 7 4 3 29 17 18 9 2 6 9 2 5
68 184 236 102 3 2 2 4 16 20 5 26 21 19 124 276 1 11 39 2
5 4 2 3 8 1 4 2 6 16 3 7 25 17 5 501 172 5 279 8
1 4 5 6 7 5 3 2 1 4 9 7 245 151 6 4 10 2 78 13
2 4 4 9 6 4 2 4 8 4 4 14 17 657 15 3 4 10 474 9
7 3 9 3 1 2 2 2 4 2 3 8 15 7 12 9 8 7 5 630
2 1 2 4 3 1 3 1 3 7 4 4 8 8 10 3 4 10 203 220
3 6 9 1 2 4 6 2 3 2 1 40 24 6 3 8 4 7 248 287
6 6 1 4 2 8 2 7 3 6 4 3 1 12 12 3 11 16 85 222
7 6 2 7 2 5 2 5 4 8 2 6 1 5 9 2 4 7 1 8
3 2 9 3 2 2 6 2 3 5 2 4 7 3 5 11 7 128 7 5
4 3 4 9 1 1 4 3 4 3 3 5 1 1 2 18 9 2 9 6
